-927.5
78.4
-417.8
-203.4
-55.7
672.7
-614.0
-838.9
556.7
850.9
358.4
639.0
175.7
803.1
-524.1
828.8
1.7
-211.3
-315.7
810.9
656.1
-904.4
-385.2
-973.1
-46.9
-859.2
-298.4
441.2
661.1
72.4
-643.5
-758.3
572.3
674.5
-326.5
-90.9
-682.2
151.2
779.1
-361.8
529.2
-147.8
-118.1
-799.0
-537.7
-55.5
694.6
-600.1
-576.1
-581.7
951.2
-65.0
150.7
-639.0
14.8
-212.5
-969.5
-262.4
680.3
351.9
-969.3
459.5
122.3
-118.4
858.8
-746.0
97.3
3.9
111.7
490.2
996.7
-427.0
646.2
252.3
-180.8
-679.8
-873.1
640.3
-12.8
661.2
-633.4
-612.4
172.8
173.3
-633.1
-203.3
238.5
38.4
-15.0
905.9
-538.5
41.4
-640.1
-509.0
392.3
315.4
526.7
-601.9
-132.9
-104.2
114.8
566.3
-531.4
488.4
737.0
-629.0
712.6
951.9
983.8
-823.1
-355.1
-186.6
833.1
-355.3
432.9
896.5
229.4
-205.9
188.9
-87.4
249.4
123.7
-626.1
-704.4
554.0
-691.9
725.9
-767.5
379.5
964.3
409.2
-298.8
45.3
-508.1
-822.3
535.5
-891.6
914.7
355.8
-327.9
529.8
-30.1
494.5
132.6
623.2
-924.2
-305.9
39.3
492.8
429.1
-597.5
973.7
876.3
-682.7
42.6
314.1
-151.1
-334.9
-585.2
587.0
683.9
-410.1
-791.7
330.8
247.1
852.5
96.9
-982.5
-12.4
933.8
-773.5
865.4
-443.0
-142.0
-868.2
-83.6
386.2
-365.4
-648.5
-329.7
852.2
-259.4
208.1
215.6
-380.3
-34.8
-971.5
-628.2
-615.6
908.2
259.3
832.5
391.3
536.8
330.6
904.4
597.1
726.7
-612.4
-60.5
194.7
726.7
-395.2
-512.9
-616.8
362.2
-514.4
668.2
165.7
-664.5
278.7
-638.5
185.7
-892.9
-337.4
895.5
-561.7
-746.4
-624.8
-657.3
-784.6
554.0
-355.2
311.7
-811.9
-449.3
635.2
79.5
599.2
-901.6
923.7
-789.6
196.6
-162.8
-69.2
876.0
744.2
882.6
452.0
-650.4
-998.0
10.7
-833.3
710.9
-602.1
-263.8
-627.4
-848.3
718.9
401.2
