-998.0
-982.5
-973.1
-971.5
-969.5
-969.3
-927.5
-924.2
-904.4
-901.6
-892.9
-891.6
-873.1
-868.2
-859.2
-848.3
-838.9
-833.3
-823.1
-822.3
-811.9
-799.0
-791.7
-789.6
-784.6
-773.5
-767.5
-758.3
-746.4
-746.0
-704.4
-691.9
-682.7
-682.2
-679.8
-664.5
-657.3
-650.4
-648.5
-643.5
-640.1
-639.0
-638.5
-633.4
-633.1
-629.0
-628.2
-627.4
-626.1
-624.8
-616.8
-615.6
-614.0
-612.4
-612.4
-602.1
-601.9
-600.1
-597.5
-585.2
-581.7
-576.1
-561.7
-538.5
-537.7
-531.4
-524.1
-514.4
-512.9
-509.0
-508.1
-449.3
-443.0
-427.0
-417.8
-410.1
-395.2
-385.2
-380.3
-365.4
-361.8
-355.3
-355.2
-355.1
-337.4
-334.9
-329.7
-327.9
-326.5
-315.7
-305.9
-298.8
-298.4
-263.8
-262.4
-259.4
-212.5
-211.3
-205.9
-203.4
-203.3
-186.6
-180.8
-162.8
-151.1
-147.8
-142.0
-132.9
-118.4
-118.1
-104.2
-90.9
-87.4
-83.6
-69.2
-65.0
-60.5
-55.7
-55.5
-46.9
-34.8
-30.1
-15.0
-12.8
-12.4
1.7
3.9
10.7
14.8
38.4
39.3
41.4
42.6
45.3
72.4
78.4
79.5
96.9
97.3
111.7
114.8
122.3
123.7
132.6
150.7
151.2
165.7
172.8
173.3
175.7
185.7
188.9
194.7
196.6
208.1
215.6
229.4
238.5
247.1
249.4
252.3
259.3
278.7
311.7
314.1
315.4
330.6
330.8
351.9
355.8
358.4
362.2
379.5
386.2
391.3
392.3
401.2
409.2
429.1
432.9
441.2
452.0
459.5
488.4
490.2
492.8
494.5
526.7
529.2
529.8
535.5
536.8
554.0
554.0
556.7
566.3
572.3
587.0
597.1
599.2
623.2
635.2
639.0
640.3
646.2
656.1
661.1
661.2
668.2
672.7
674.5
680.3
683.9
694.6
710.9
712.6
718.9
725.9
726.7
726.7
737.0
744.2
779.1
803.1
810.9
828.8
832.5
833.1
850.9
852.2
852.5
858.8
865.4
876.0
876.3
882.6
895.5
896.5
904.4
905.9
908.2
914.7
923.7
933.8
951.2
951.9
964.3
973.7
983.8
996.7
